   Restored LOW COMPRESS:
              0          1          2          3          4          5          6          7
     ----------------------------------------------------------------------------------------
   0 |    20.04|     17.70|     14.33|     17.07|     24.57|     27.61|     23.85|     24.98|
   1 |    16.39|     16.45|     17.02|     16.27|     20.27|     22.16|     23.95|     24.91|
   2 |    12.78|     14.53|     15.79|     16.79|     16.32|     17.62|     21.83|     25.63|
   3 |    11.93|     15.26|     14.74|     15.56|     15.45|     17.87|     20.45|     22.22|
   4 |    15.77|     16.59|     16.48|     16.65|     19.64|     20.15|     21.33|     19.31|
   5 |    24.49|     22.46|     21.93|     22.64|     22.01|     19.89|     17.86|     14.74|
   6 |    20.85|     21.76|     22.34|     22.80|     20.07|     19.50|     16.12|     14.24|
   7 |    11.27|     13.39|     17.15|     17.98|     19.05|     16.72|     15.18|     17.31|
   Quantization Matrix:
              0          1          2          3          4          5          6          7
     ----------------------------------------------------------------------------------------
   0 |     1.00|      1.10|      1.20|      1.30|      1.40|      1.50|      1.60|      1.70|
   1 |     1.10|      1.20|      1.30|      1.40|      1.50|      1.60|      1.70|      1.80|
   2 |     1.20|      1.30|      1.40|      1.50|      1.60|      1.70|      1.80|      1.90|
   3 |     1.30|      1.40|      1.50|      1.60|      1.70|      1.80|      1.90|      2.00|
   4 |     1.40|      1.50|      1.60|      1.70|      1.80|      1.90|      2.00|      2.10|
   5 |     1.50|      1.60|      1.70|      1.80|      1.90|      2.00|      2.10|      2.20|
   6 |     1.60|      1.70|      1.80|      1.90|      2.00|      2.10|      2.20|      2.30|
   7 |     1.70|      1.80|      1.90|      2.00|      2.10|      2.20|      2.30|      2.40|


   Untouched:
              0          1          2          3          4          5          6          7
     ----------------------------------------------------------------------------------------
   0 |    20.00|     17.00|     15.00|     16.00|     24.00|     27.00|     24.00|     25.00|
   1 |    16.00|     17.00|     17.00|     17.00|     20.00|     22.00|     24.00|     24.00|
   2 |    13.00|     15.00|     16.00|     16.00|     17.00|     17.00|     22.00|     26.00|
   3 |    12.00|     14.00|     15.00|     16.00|     16.00|     18.00|     20.00|     23.00|
   4 |    16.00|     16.00|     17.00|     17.00|     19.00|     20.00|     21.00|     20.00|
   5 |    24.00|     23.00|     22.00|     22.00|     22.00|     21.00|     18.00|     15.00|
   6 |    21.00|     21.00|     22.00|     23.00|     20.00|     19.00|     16.00|     14.00|
   7 |    11.00|     13.00|     17.00|     19.00|     19.00|     17.00|     16.00|     17.00|


   Restored More compressed:
              0          1          2          3          4          5          6          7
     ----------------------------------------------------------------------------------------
   0 |    19.08|     15.47|     12.77|     14.78|     20.28|     24.67|     25.35|     24.12|
   1 |    18.81|     18.98|     18.93|     18.66|     18.98|     20.74|     23.55|     25.75|
   2 |    13.12|     16.83|     19.90|     19.14|     16.66|     17.25|     22.23|     27.30|
   3 |     9.18|     12.02|     15.05|     16.19|     16.33|     17.94|     21.64|     24.96|
   4 |    17.59|     15.97|     15.18|     16.97|     20.01|     21.33|     19.87|     17.77|
   5 |    28.17|     24.30|     20.94|     21.31|     23.38|     22.41|     17.13|     11.91|
   6 |    22.48|     22.15|     21.91|     21.80|     21.06|     18.92|     15.82|     13.46|
   7 |     7.69|     12.52|     17.47|     18.39|     16.06|     14.59|     16.16|     18.60|
   Quantization Matrix:
              0          1          2          3          4          5          6          7
     ----------------------------------------------------------------------------------------
   0 |     3.00|      5.00|      7.00|      9.00|     11.00|     13.00|     15.00|     17.00|
   1 |     5.00|      7.00|      9.00|     11.00|     13.00|     15.00|     17.00|     19.00|
   2 |     7.00|      9.00|     11.00|     13.00|     15.00|     17.00|     19.00|     21.00|
   3 |     9.00|     11.00|     13.00|     15.00|     17.00|     19.00|     21.00|     23.00|
   4 |    11.00|     13.00|     15.00|     17.00|     19.00|     21.00|     23.00|     25.00|
   5 |    13.00|     15.00|     17.00|     19.00|     21.00|     23.00|     25.00|     27.00|
   6 |    15.00|     17.00|     19.00|     21.00|     23.00|     25.00|     27.00|     29.00|
   7 |    17.00|     19.00|     21.00|     23.00|     25.00|     27.00|     29.00|     31.00|